16861
475574
651156
944449
109901
212212
27572
851158
778877
237732
564465
438834
485584
243342
808808
523325
283382
532235
378873
543345
544445
833338
817718
97179
129921
571175
493394
281182
352253
795597
899998
808808
614416
929929
724427
877778
581185
379973
236632
558855
512215
10701
902209
819918
125521
91819
425524
894498
641146
186681
35053
922229
617716
358853
516615
572275
788887
702207
509905
60906
727727
455554
728827
118811
798897
807708
541145
847748
308803
375573
261162
939939
28682
408804
624426
389983
739937
555555
339933
1771
724427
221122
75657
446644
546645
934439
30203
811118
319913
194491
782287
821128
799997
247742
407704
732237
937739
131131
354453
53235
